UNITS LENGTH=A ENERGY=kcal/mol #always include this line
LC: COM ATOMS=848,856,864,872,880,888,896,904,952,956,972,976,999,1000,1013,1014,1015,1016,1026,1027,1028,1032,1042,1043,1044,1054,1055,1056,1064,1068,1072,
TC: COM ATOMS=109,110,111,112,113,114,115,116,117,118,119,120,121,122,123,124,153,154,155,156,377,378,379,380,381,382,383,384,385,386,387,388,389,390,391,392,421,422,423,424,645,646,647,648,649,650,651,652,653,654,655,656,657,658,659,660,689,690,691,692,913,914,915,916,917,918,919,920,921,922,923,924,925,926,927,928,957,958,959,960,
dis: DISTANCE ATOMS=TC,LC COMPONENTS
restraint: ...
MOVINGRESTRAINT
ARG=dis.x
AT0=17.655              STEP0=0      KAPPA0=25.0
AT1=67.655              STEP1=1000000
...
PRINT STRIDE=100 ARG=* FILE=COLVAR
