UNITS LENGTH=A ENERGY=kcal/mol #always include this line
LC: CENTER ATOMS=3294,3295,3296,3297,3298,3299,3300,3301,3302,3303,3304,3305,3306,3307,3308,3309,3310,3311,3312,3313,3314,3315,3316,3317,3318,3319,3320,3321,3322,3323,3324,3325,3326,3327,3328,3329,3330,3331,3332,3333,3334,3335,3336,3337,3338,3339,3340,3341,3342,3343,3344,3345,3346,3347,3348,3349,3350,3351,3352,3353,3354,3355,3356,3357,3358,3359,3360,
TC: CENTER ATOMS=553,554,555,556,557,625,626,627,628,629,697,698,699,700,701,769,770,771,772,773,1393,1394,1395,1396,1397,1465,1466,1467,1468,1469,1537,1538,1539,1540,1541,1609,1610,1611,1612,1613,2233,2234,2235,2236,2237,2305,2306,2307,2308,2309,2377,2378,2379,2380,2381,2449,2450,2451,2452,2453,3073,3074,3075,3076,3077,3145,3146,3147,3148,3149,3217,3218,3219,3220,3221,3289,3290,3291,3292,3293,
dis: DISTANCE ATOMS=TC,LC COMPONENTS
restraint: ...
MOVINGRESTRAINT
ARG=dis.y
AT0=11.400              STEP0=0      KAPPA0=25.0
AT1=61.400              STEP1=1000000
...
PRINT STRIDE=100 ARG=* FILE=COLVAR
