UNITS LENGTH=A ENERGY=kcal/mol #always include this line
LC: COM ATOMS=1749,1750,1751,1752,1753,1754,1755,1756,1757,1758,1759,1760,1761,1762,1763,1764,1765,1766,1767,1768,1769,1770,1771,1772,1773,1774,1775,1776,1777,1778,1779,1780,1781,1782,1783,1784,1785,1786,1787,1788,1789,1790,1791,1792,1793,1794,1795,1796,1797,1798,1799,1800,1801,1802,1803,1804,1805,1806,1807,1808,1809,1810,1811,1812,1813,1814,1815,1816,1817,1818,1819,1820,1821,1822,
TC: COM ATOMS=1,2,3,4,5,6,7,8,9,10,11,12,13,14,15,16,17,18,19,20,633,634,635,636,637,638,639,640,641,642,643,644,645,646,647,648,649,650,651,652,1265,1266,1267,1268,1269,1270,1271,1272,1273,1274,1275,1276,1277,1278,1279,1280,1281,1282,1283,1284,1897,1898,1899,1900,1901,1902,1903,1904,1905,1906,1907,1908,1909,1910,1911,1912,1913,1914,1915,1916,2529,2530,2531,2532,2533,2534,2535,2536,2537,2538,2539,2540,2541,2542,2543,2544,2545,2546,2547,2548,3161,3162,3163,3164,3165,3166,3167,3168,3169,3170,3171,3172,3173,3174,3175,3176,3177,3178,3179,3180,3793,3794,3795,3796,3797,3798,3799,3800,3801,3802,3803,3804,3805,3806,3807,3808,3809,3810,3811,3812,4425,4426,4427,4428,4429,4430,4431,4432,4433,4434,4435,4436,4437,4438,4439,4440,4441,4442,4443,4444,
dis: DISTANCE ATOMS=TC,LC COMPONENTS
restraint: ...
MOVINGRESTRAINT
ARG=dis.z
AT0=8.074               STEP0=0      KAPPA0=25.0
AT1=58.074              STEP1=1000000
...
PRINT STRIDE=100 ARG=* FILE=COLVAR
